-129139964622518
608772575578984344492548144036902519427113778304372035175911897368134684259262670171877024527117937347256119879527268238
2378015468438557169002984639581729094932781906382591536878098697445122536007201018385281485892424893421012605343713613
53028339389526706565522115766964189068164243961549774379570187230181361726648986947195311834511055346321793283587486137863327485556258322299377863152569958299777
809250129362094415944429573286981776251655574370430938112685312969067405816981614629571043830605194767852339899632710427999457727281769375665296956279375750
9289144060505515011124214821794441847608404216207778971833719046833541636928254905053974362881775479748799622893136
735913622920984013208682702136551033272051205736889057740358718299186994464856455368036875258040552413602483462728134896952346165942350339148423
53028312574318422170819002059983829640620275133984742702573471562492666168930204494056593012008482190287661438507059572410939383856453695217974600265432824186243
43869581779307863860604598436293680151029042042129918056947787477450496924546404183173093357658432096996816061832558937404169534329883532
9289162848737829556144961815324106990051265419185521616330661607929462714223973577220709472893533561116018894456906
188393601666787449208559461464337741299015728797475789213074882243687574630586247823797457490632823976363111472540260642523833611227094727852116097
155856536095279849930250870267672292456569377382188287355380771628540376919023061479769123020988752839855916202180027057806
736008146857586186440113262213505538969777137896893123686717007121778089161946120306333606184604431246091061316975355534180775456019530029420163
58312587812644444620830014791930104429885619530745733974728066683270797496020872314461620949794936050469489651443878074014734524302886097152267434384382289962262029021236600
188406177068401134962268960284831729789234548618023463248464137499185215138982589274820004847267957022338928087040498206380689236253422804303642249
207140955627983074841921022262902474633687217613019643080705667437054455886328360080066508519872131830479062218597991424695464534237061622272444247162868944506
155845858151025234094164689684172982484588118761925541033388551652165325057446228302302929689815414111571044077205774290317
53028138271790800017069571979916894464213367059120406776296664799486672389756334150037996646341973133770358391958389996098914618540357709638480663559537315841913
608775038208885224563751385190481625206787643103141770216344150556168043189872328488596850538990724997973236574547560317
608733019656169222878082466456369827650605831375891772960170525238631924965040327605930691873295485261506170960147401849
2874859562850779456535717809912651165938907105987741657174478805336070015802146369731586769607251013550816909527827521756675807463943179160904
171354809731678737022425731192675986525898191327397598175693268448267726725413320007957558142142157262221669851642969756972724400311936
11229181971722556283631148796863854251882679489824334426791808675760966420293389865980696483319549159244031924014162418648982910955965350528
155835653031385139820723069913685604643797011291757054129193082440814080404398766593658461972881121915816161060257968720510
608732711830527836017173025964651980239317674503174470340047406942082574253572821725059933747045920651201109460146342287
39896670817002026242347653135161991033778687390113747688181896533854405762782120403327815895757334386735726186997106694257292
2874670584793813214684742061872877420064243218146567718284518798748575431862989905124608056069054523951600988614473610941165361932845233883214
13576967650737699091510773996113527852107743270502741346220888727519366593992588870279296088792077723347745841975707198150380243821200501978531375522923814048403322
188418037959946001849434296790173596083301722270659697212191256794719074708771587010847596752680462140982146469983312608356714462064454365495396485
48228993718415320450334113894228549704833927579538625654973659871518980685160028589079889231501033341699450935397157537776779244647740685014325562752
12347424681431306285921274993772894833876674139308160617442859486043797391404926885722408980897066441667181668879794823417227954913041675334836124809854
53031543855210391493681103820698617761068549242971690223400341844808515301503027659098221824116538325793022217260192575160003415292322024442615720817372869723535
43869515235750828616822569041426545385841368033328879538190607835288158837483522180287986741569245530846278879974246478846384728722672012
11229181971722556283651322779152930886001574292045676099476010444585184115265593175602519184376247036319149526934583942515615181535026315388
188418276130453500606197412544581929766127109184571662116259260258727439496243300454561190499615495890809566060119610212350733635146832329948561800
155855826860960252820141495621064083448428760100704811178712217868869167748908671570141156978511578536681568317991558349200
11229917328302567055254001459127349050795435800878580788801019955740311541685171544115112119421713987632763047534032699341654985843949009031
43863870079904561076002694516490017854700261239714770760386567684063392473638084322039029965142932322399995476936619314054639413825143697
608775192120623386646912008302389972060209769590725575315032249153314893887614873847891217451863948457851998015500797831
39894088566814908697121441969334791893061056591586599108368344498011519613262149604791576857344585990287181389862129688937864
188406748679075080797665044337546017491141007891761252815699458452973348235765223806072663860493040198047786117607133709730206199830792515624008317
809253402749641535187356931157239062178626237082094915716501206186230877400848184541621464871859859117365520313191636831366166707133153711571663885731449160
53028124865020988824245851421417231753593414831965844950971576249678952281764348395365783521603055386132512489282642256524496285400901326474438709904570799787404
735961443102717423429361207097357720896666480014471102433448343005029468084638502677371295162799604667872753994618622686983938593627528321649545
207141269872679143447591646885992253913544739656102302246583580307570225706164690951941184631992507093222587735083792067458773723423431652217946783373589106811
608735636191129596783261920898668030502005955895556522745492825224322613453249042750897100990455500026627447606802467405
188406081800227095395578820303273151360773039782814814306680209810353374397492862104335196993303658971136277870846479759992078999432036944156719997
207154572933711090374463484503619079308835965293068950936584997616799626130029747639637412376577982428505199509915285239186840247607774345404235255122007443275
2377863358022844540170397638904768285673160554158440767499347067672338776291180610875889385187472437694697660017036875
809197141358031120362582289057501568614171752903540607605501271381560125134783253421711689713692369569429656075710369376871960479039730323540601033699379019
48231944745957293372989509971918785717130477947476117047001184009640434750708055066554629042919197454374199726205110600327401538817033445991375212158
171354853055337332799174929892221524909417831256420625601374809748909702051005480119081495748095539009249088627538021969099010513653645
155866504804648869893079270867189896288622544938073337395828153804089959083247349173633124553109102545901669929385473246073
53035177371989741115382158180479826148697556830501533860194670132879222609628444015022982908125604469658786945953136241165582203456439646463937822547641759338619
809147835902671021873655819749499006732473609579676874928415541508535118269213523102490200533111917319609003327239633069751227870581599193299205394608508237
608813978472968288957130572821667470130473345347301488604101536021146281814907728796109077423976589091837361797066279816
608775346037076981606220489206904028880220774590641383625663537539535679985364862674375714276881564252255393441412237190
53028124864392043876832973108734820972011152021920328069143288265970633144037210828644062109754926512362946441143591498787324990856168846512189978050756549774726
188394506711833006784483559738695152951523898515391563271229878290444472435265697209985386592606682453174801668182709671008813702521136698239253625
48232139855611649011855536299590020341155740729642630625238654791127570102774198190562259664284128407913165710777711472018524312080064509557564280199
207141845992675873364038462857304643689638039414688629579107125177624521306501372714781930514220388436282323148159310724169148336685232459639396830203249183373
227783776487528642461282093770303090173786330017806745076445887442707292854622477991162488862940894415169008014948316005538744172730256061494892192100148183950803251711567
188406701043518767955503610312013358547918391059871949346252799186178618164899541422844647345335360203646227559813900975975424254929302364586133371
39896509425761173522913972816126354151543576059718724836186130643324854954646279984670731243388930934264038702870632088634500
735912692567394733800210435932344572613723704638099763552646071210867372808751667267413668562340406141573261178691554033087008164663900083276664
188406177067708366804867003110031787739786585749640794002449757306919644672991512124888435374646520485693545225767317715184350482414223455760698752
43866864563679919391915985085278992220749223725991473553276057421371683853422529528211170667435878363434779447793839061569342630946967172
13576130145420298940526552215182698573854695305965251239524482930655940434770003804943823954742459060854364961445309219804185304615861979158652302492881886970215557
11229150740371121701799722260283553467563582675151944827057302065834868867031863101907881854327492964002898801434337809236201049184168606342
608811977578089241392743564837268109719836377034867210805586702431995627136636074927675914798652396811789857649439951499
43866664930788326650804311149563837404435457202622153063946597443024437850185229911827627432255272980792855650521463633421765398877862278
3160941517577603200844070515596436039381492891896294181041570076297124855830600058633912326151064920967052146596958765419830803598999242173964210032512906
171343935667716942375396842474715975210095271075336880846250976317015100628566448643772493258414905527358807601636202097627124912836485
43869515235063991455123186948928691338593733344476931956695291329786824590236941713474576075645021630620638206011844921719400029840050553
10212840192607118890355276353419236334492989590091476600715857533896460260177326083040576671508267990000591977609424383893864832
13575220559575868515392634371979911228946902521324097813062536602035122385941051489791563928920050569821888840197714745913853669406961142837709128147882371308746889
171354159885261832012375500040128032886806923344898196934432819046996393475400452475328867552395368308644852155933744601079525656841095
39896519512978379385144997591159789357782604000439290874972715218558219580494065702121592871096683758700818476507148181076088
809200619329162180757505696994935727243143400330717433320254106239082850109285873761103583623338682042527343071491030386447561190124061362946061444779101520
3475254705876733902933822685505914169238367300852684371332382132800535447947018086331634122533228490948502915946949703119086663459056067677375151897316639816743484812
227754868267009236859451309704334480396960358703867078076933398114777696454696943629404273844703442883123355089541449268247003344454554560508732101998821592566977119866184
809145176282008825628846795315349265713097470011349657831460953923892253469751568292541189326590983547938052998028675496629476415674556827276747274510617933
58316391258463571293885637192407849974799271724333044797020156127139169293362932285523999888211622928988195371092661265313828796889918953006125993440962046131434081280348025
39893947349707854261015435874658446196132993962170550826097953007853327131616292420654095519475117260748084159114917234115196
53028325981113806740771021288905320458726957858351409399225940423481883010398879739403669021630050335154196321924105296926419942471541287404355169382847077647993
608811361924100139032290546978038569041438467595808466824835314429512645052740597070931904244011481934495451313552968832
2378169382543609824386509045395710786908619014272269129289174039702073848737613104620157477507254074674330539878074443
809197959702573540178008471968197369668006285428577000935607983671956049166765329691232559492654726366622474864717611806763703271707485284796333875708579144
608733635319708453338268167877215670418707018901690034227971605337835343737022244641702935915646179512870979499987652430
48235090883181968622837039291118831248382980422114948859158280734601073508246814330003964635530410654365025642232163452797149207528882966532393109896
2874671311621360185594954864714620401197899677419337752536100086025473747051293345308414394658320518250652500810460632869210805200610656996939
188406034163895677282409391692224416148729465891612318822702986650396769769343788671625404966977464171956785947811539211065779241715364201245674626
669352863983263507417168072899001559315382038972522089877215771285150709444021377845581620996431141591315310763621458565422675675980
227754234817355504009554579698672965945346501955709685903462972150416612600172175167506845918490867917398574355233479230094617550012585991285137445054503381533675147970893
43866720384351439405119913495276205705837377695159628964413703202934909343986073292994313488444616760938675655270214727765400206367870595
809249515607781847472580985635157886120690772879569896034886914061282794623842327713809451033191226754665281145057003666808789598741886877766850296603559754
53028111456393912061902931011651330855931537217525067761743097189615082876352953525554440909614445714399415422466654944003457061060978697574428555476876191830157
3160727340629293704014102337756166718821872070067976478808893684362364991889710545326267194282336569514473623827545752759753477530933854260151278717665166
11229866222456795779367872327780935479112461343202062656603976492890061189696282027971492995235921465829147557046690691629404384567776217739
48232152049954279963414759683516233912443811454238707943043990693489144222252875337753788803252576202758352307336207359544588530926887618683320487567
155835810640602984956917427581326817799446037659664246485525184770438033593096099090624383456594006974853058751014162419596
735961815244144262282975049481335641910225177988430514350795915076560983640285963077576250475388961907875655608127247458801867758891112436550736
188405891261633198348336897486803763709747291244757626017890207057210548424905183021185842131838671710865341135321062638739648122837161408421645190
2874845026087557514369216667318458702011048176659218103880467163695169810691681323528515385466317517544640137146790465733374003772147039307391
14928996162166674251234723121256433077159029476344974125418926846011711021020269846148270606973799049863324261867228641888650453137599596665739975810735939461224653792918392395
48228871775101671172554652554885317697838906542003041142598211551594819207297449063791790039434851904579039815727789497886931089559342748224275384696
13576967650790482515014321412451867594002708173714269354139667064447250221196160997524146242681631103580883077112980850658906878000724869690447300027669931344297089
48231908163906998644859290605051625856337297443570638533176558738520121576071533327415970512548559819393297432590572063729350446567373202276146319759
39901673925823371823660886552054623053345025563606650759580415866011670783461972053572976381434334039054730720550210579167367
11229863383240998238178538939319022228377329614155354498077013705354848978096859650759713221561436052670665141379421563945528189031977614718
12346575565587449819984668936947785023666331382949899476720347552662253939448061538819179893115511253987422635992360323962401396863920704518952978186122
188406748675489153811068424426763005537131317246787782491764369567105166130777703214401683264903347910790868551327184479676734771483697020592998541
43864025349078887034917774935333331620786065680105968393153766727413016042452501792227776722716361029674567877837964178566597289682881355
188393744569101033946095649502877505556229677576013603201894043769667830966460401591441883261328499829249375867100010704097001870731625727578296444
608772267753141129903258226640553130064104395574806283436955370828866015881248314817067763632374313258632624822796962633
11229150740371121704220581368278388194086898345734418936258814976985086264961101425677389359362760541148206074999601879387428120416033279114
48229005913295812035950665918617195009229585952479988883513884643879362262952229895679499504268135735675723482892110394219029458414887728285500607103
2874857382335429705418495020803152150821805003346355687079544838815816557586143032333395593999223286837585934467629100307858499868289723566470
12348167657348855256037138473651124222684613746266126836817676194589795806072766354926118939893849868704135076121108171855093386587358359533296968956032
207154834806604883553876391068354086700546380948736130591432058419995389727153844571049653375455353031663665187725473715503667393064542549718226107033998870855
58309034980384075862723689332397031638952535440564016597820058528825867830528167757238119459038218785708401493752705712017332564275670452095284835895490577754284086249867080
735964234155056346431824533842515967268038096297104252202171694961816612324592792678336808830631639595320213099100889792692619839226069872298063
11229869061582224332884192693439684260878650402708810664606074727906031154563649634593741325494393484735156138496116803562902431025612096909
3475491953323148704109691502426488279203842999089043481839691879611728031266414616836346168990895281727056568988930634159167471677335808191072676493095232317058481806
3160924735069638668604944263587294459648969435664951401837677797022330098595852385916318230381889975491695687511579460101075804119337819957152894526784633
155855748053946422608018394122487187027544309205198435578041913292026479713875311188836423874437548001433507646142604332428
12349778479695714377495540126986549540070550618439655039800729060433413249472541879246576545420653964602080894634062995922327784351632646804812973573764
53031543855223977366903327889954734030053999080006787459647761504134692618960555731393883824374763304703216214061442058251708272380138336515554457040190838688909
735961629173441933441074658858308888473141337001879639078496684740238417928954400733168973811207698941405440194331614177426367026948632036198471
11229863383154521543097089233048517232966084320519282254450420819876569863136788159314495926754678989216031469220446603018489350702370358660
608735636202826439860420839311832798522769852674281013126160552517194669754607555919916692527930679023365135456203721552
53031624302471939980309492136046417052337813855773859884288479522631314528671403382717395357617388369971532458522451523290596370055123962029028674487692271766145
171354159886534881199347980666808202625334317630520873968020932168462697938505744937713110978371670246586768407930395496531285561329739
13575220559576277689243010236333731120643120660381037758490341400494918168211274465596333230648119468543068913090379048360046793623528086440753698341872822995929991
735960698819852653877254218671908654811700484672428194354586688238329303781067146819903261640166220951128334504013904023445962498437613265635911
10212886673141863837784986610809095149118820415271395368099523695846687185183179409630891018195124408447533031703861021404855681
735913809003076469634619149955914148893941961147874919385337201300541189071743898945832897132142035555648261721091504074027980630940827469563979
12347415315994932851099711674070644660134643488304093949528029026585254057027471426259925838345716132179004914058446089399448439606590487330296837012623
43869548507616605636030677912790389879764565854548811714898895438874782997061314788143012845877453605064562564942768601209761810738727809
2875032550445153744627857651459421228716902359683930930600076761177528540138823147092362111918712211046968339282984244753267511104175663320700
11230601578822899418846907640710526696716010185564222676330882026237947888568204395852217567416167004687536649120846995225574286755143254407
11229911649660618670236114019335994752240936542412199125190274446754183347593884493985162607866021705905379307743236071168290634910141484169
809145585443506345102306674166838925561986228309654728330365323292687154255609602681106785979851984629496735137428189429777601924130316281145311187709168779
13576140442564210302789403284319735259400159000682784840017096280875649636662122351001553655831068880892828403703853219062004986954676947268570146020735390751083395
2874663316384995421866415933566920341294681232959511194599437810951652169082394525774729232543220870551265378399853145306608930805482741338493
608772575576452321879964204954130374114527507057560620685867425323530905349905918801029304340123417759731802954426568265
3475701082492565554178421691256318660515028117733818353718240385810265401731922670667483537509729318882399892406532491716664406847106549548273929217870466596532158864
809145176269692552411940240072118451453733335228216094275771573811779690063807788151438286020977860357457614785686143811038033651065638199935920164195566476
10213503830744520590376253202854778422608469487243929577004393230121180482812109217668420120702771122615349129280547780629991818
809146199201099188227610198465578029291508776046435761549526378879590389716571658662445384692294642931656710940409376713489175646166278810327264599304931717
12346575565826550686684589394423885971936058370899523538991250058693950233056038875019175511923250478998497938017227722632976329574927595852076856085638
48228871774738978649044498791082797928084705172003935051181004846320422477048938505955872478031953406605379525658200883545050632181849322473732459342
53035003070068687179616091176362975730446057648035335557485344325958244810056077231023203838809896167684804324680738504514652385389320715113804409205441816383114
736007960781039069891599901483943578646893614842450964527298624581220367877829919904258416219498207287808474272889664757432415634670865814999120
608812439331963632238655675014498267711441242341899082206181641868048416590180149193012813204536545274055266681247059536
207141898363725807483449674525243244402686338233333028694150371570065180047079319072412401441363993022509942125046713624227679190450733118752947329703793478474
188405891265261713457835436392543361251045505597960658049471235032862196229268527978728852365030878492665570679309088236079791205750886752240420729
13576960785782916217977735445653845234789865061428919723232172030925287819976483234723787553740056799230317170608677833590918604292899946520101787300908208098938235
188394554348834479562043221490943367005036295533578162850255490567207903755769620163476624162271051778163289754507515360525577230662707831439772028
11229142222727282907716145099688564213074042306017589694942128120555595724872934434245945833998384848177169738562040063357330448633889061254
171365987055716941088935895960190552600011676428215896311512902553806342099902965448173859997570047366862301300630750614328985308909128
39894078479892905261866089505774234043566504895538432868998486807841512254516925395501428528739593995733069209764320856997765
10213519324285345913063813837674598170201764824735056468438106332226962194255873072784457418783195787021118422133397786915735676
155846291572496864614751780581949225741986382445505309152491895940594354214624219233783026928111468438004846371623454918794
608775192111247564034619123662597390077136019237172810078379144262276154806510434731948137412826427727632110598501649231
11229863383241505931684298547425705031618981468527821027614046678732376355087008513410743052195736804610861422223359815986052034617443912060
155835889442856319351518237067216958620484674340549537106240927823799324250094562876870888224756001751775944945704909753485
39896670816837891298716951653187868054157076478760290393450682207012421293673392247320431976413617849719589705202966316745610
12347427803040117498941271744205315038749928194785958552841219624109647143583424601114069198197231407770029384264298819652013251352524928100187079737472
58309079207393722781872593076659769098493710992271674729342779418698376119179341907774958583186482553804109197566735173545640182949878445381097362099887053727048794074925898
48228798609674601087994308071297245645137985897979392026159719474905739986596390192817291475013953828570146936762749851508131181338138661792387137400
39899101762557656505387675970762975622433578528478131382316106520965928549481022187017010862323829997333346906627650473660816
188418228495629704875757549232196450933729845260300273531592583388290678919398903916930422623472413422923498315528113034864377199742285195636066432
207155515672609910798873044672233538649875978713775080992047958715924149308899569034058643166331675218989502145863804793777591622408385059693234655149467389518
608735174458144391608474657009765448634911986143317856008705808515655607405250755739464533679917399465714933581549817161
608773037316547373326444176338975509775492636744075902411842754436669892201671854084329007428762396095373738197025573965
43866676021805563780785480850444777602607844520647999699012875031885977415524476624637562414087930812905699955357901329476893067692690577
3475476136789378210584398671929794779568529691984835389575543871346090068504574308834548551866376276616566018772741358120066375171539471981588168454462743099687604608
155835771238004955833818951818237545806221327008060272302358290213775028618267897905489855094867177073784894931690968796797
43863903351611023606811156330067569610470438101635329246714580790858420793056404540678877389327606337237870434360076940728717898483910531
39894088566499264583457318425662532549811662998835673240134674051071770199005745662490881651841615861047005295335313251532680
48231981329146544338161459258056854445638925814717682524557186624582168773387913749730473141590254624921676793119173889292672905035510738354916785296
10214864676468750919924795830779324345883298063732294520348060768339749134279452081205357950261981495281517854829040626750491783
608774884287789587995022643180325702998683451451714527836373965345623010273761594524706498386280619449020709310116611919
39893947349707854260692913686962438134245001883649282792672143841378622360498435315528669996828842586266304685019635318034573
12347418437747204581415790125383994010438164293857004674015764350038449249766299546815169620532373279411000701265697450620705502394361598707995736099973
11229139383733007871218190165136729677945309720624465003050697600340156551554065476764350057472327558797543178902019992994989378903023976313
10213506413152160616202995281001809450812860550311786973542676671970843938149046138267629188653091304415332712178494098186995082
53031758379947068703044658283372767750257427773025833710282037019624694964824920623193885814972958852033687426157746452249703892708181182024317722676156410120327
809146199201099188242147016794329072736541266325026756781944777215639852729787509406392051891127761503058310080711678267860262367004945395033308182710750850
736008332922598997390950961750565378145603567514787981574363217944612606153541025372267103073302900735010181063821926530944169001232303917650000
736008891137622833067497792865984020795546712675868135185253310759237640787650040210542250793781122412350296097020837720769157527520053274693709
207154572932159581296578056387574017498823881957164287302357898363231356982094206208212096652394331500120622869755409328395272217140272961127962259305095974222
3475255584570729651158657023377869260063568779571337071739876869958491839642413349703077563830475099354535812257425867635830316404570579473970022081344371649213924486
13575193100385227998989967557471024053929417757767379059896992080456302717562874539613285435891751610087837548340693318228831549473908451146893894757596198855544448
2875044179886967154893777268771241901973320943143460664393987597689805572349722704136329268059813283421907474774063106711992822588900201236093
3475474379427940458824027167392079697528480410239645903013588161728265252286457118381108817549367777685319791716484572781712812619686244401731982854330235305743584394
53031530448231997573345986283281982567875622589739320789617628449334385951715205369421815896082049544991517820815269717486600224809072562718527151893315307719549
39896529600046480957891244803065058900054992213916760404232901620174191808775253969039369665455997238870245886651586348743561
48228847386822712159120537886537634074495992202090107638186437755506198670121562656359566822665421224217345164571569388308379867159970408694259679106
155845621740159978473573852463784702777291534587379439372808892670288370725246693707108979410099518948752955807434533194114
3821092619996586137012218657639279547552874835800334332220272707439141516522534241915422939877671026917294247870626191398676576271182263241142761417561815664402805141895704838023
10212855686064522784892708188740770866048406445255778720036000567351963182484044115113644365716425429699544249965279416127358846
809250947703563864357650824565044845497176927992972978961549007234435414954781585998749233426993310686570499409718017489098460152922078295129364324703438211
2614829516318799179773922305521119894136435165787954105798642363247992771121926516326429549678812229194553173005700378434579954049
207155306174868029385342085639558763255869977393684210322400412054838874539071924989239771002540350260624406270096937880609167330653201471852291932255274224969
53034962846643299017233907376322949266989678075143765512047541280610900879185608984275837198844187353383026707735662844700528023439333549992900169490285846154120
3821576653291802380197276861851804792553688368150561624627198805082689901679330241389580275009734056359951590953977674178650184368315997531182953687803019308564057854133960148094
53031624302671731911918377587930918143570206103581717485092520131454816463657745773831764639639287869574720994820228556446413397930540179010086592179670786525816
10212845357224927173316975626428083654989278718434584142244017239656960084144415109759123397565887926563611355783917679202171280
2874660409040322460250289505046177294062434472808012961750084732475323288923686413180370959608451130029166543688639178498410962066919419378830
2875033277317193400178895546398417548572561496582989201325216131165210762898620129249202563273314936420597217099751237294662401791701089684108
207141060379735389558873496566086609422363663253213652954809151237632282730085889235549390141903377726278222660608862097226580302435403320085027874957385419088
2874670584805467092607419042946944016897579091996625341968969523193273586228557908162604944616108597734425650945099393492481509233823123667595
188394506711835845998250347149426427576989296609137760790725728060237508993203829553185228285883390675581932634471331544852861164737463918084507782
10212889255472238992049290270942284854309484774418453984655395631138302445328287553935801494797224837965958460668052995788208772
207154782430769308904783980138565594179080106029286473363467092851235422782265709053415922082670465346999146979462289751257288341523367720462902162081268583241
171354983022863234528864383324551606165098310086885167190251544827709904592538214691565803852181033273251836523956065974971608494264141
13576953921192093453209543767615069089855370048517117734243155805201715788186062006868744565208259661943609834923651173171634378615190819873559674714359867290321278
2875042726243267153935234900457397978023033591849364090700833441241808480063531544496527442594879261541789582273304284842812901303056557244033
53031812012188137164606769790647526148227036071069571322423143231800735179447773861155267798235161861672628979217664744248101067127378978132191123603090966136714
43869548507787158056001746109853206890144685990367383633165036477456237238140557411090902969065399659430489889954837318832889075709071490
2874671311621360186201783507411413276669413483139215416870003488952133748118272369060158989454447453713454364187682687971511403311894041364866
3475265250192374932821275213536874884889637206322038011686438266090264256507999605859845715254144247359095609972053578931023832762362261022803723125146154286577516154
3821572788724680110204594408586462243027836973066708772321445411380608732218627131542188859147349166026567153557643690191416343011163224116126349142355447080637862101331282397324
11230601578646561422355801043373257560617108180952159426076372470281333440182423505240960399706720380718026725742240887466886583571482234239
155866465400218977588453435794745774823218402574142763293706803480233558658027662498798237757882720048318546969712661383824
53028312574328811326558474464334662713021910654011177232819216313472156314358035156288069671383060253509996505859438204442925955663015113509353715389434195429262
43864036439913672726772309900403576276899103154771839358428113442796755482421186923300419037034555352671965163143637420308200770650196361
2875032550490122981268113288985299395533910956040042852193711552116534223747147393459839240832952723429529288366237454073450332223540543912828
3476153609954111866191490950772761708997352298942915286232931299493581703957116799270043869126206864974976035803828570935157220235615201615713238820315428025270566789
155846291573048772086427643307441282147443403711835551091534934353584068540524894473013972773484202355124327641956420702072
3161134916120213496367534223992173038725537304109144595154567280584744782331205702919944465352820282245020340396697368217097356765997653524143675379975048
43869493054379393474486273161452112939296387612809446284215821978261950377244173720787910008438285971639309405632856913325031103996250744
608811669759209088311242045798148268728426009321351271496969306987369482503030421614511733912099258717866530908246985807
3475254705930260386166627343931539543021841809381535481098597916564017578817066240670297669463124985162595740643480652694842607022792050908045795292084115432752645770
39893896915292033264057675707070359581140050552080123207946262439749280051971212132711116210157950013366595906341889977110652
207155463296768092699011614845004888455027030733289677320684251140146992614498460555234178780978785554977471287116434292230914201604698187850818231970246117959
12348164535793632411409947431001409637360682551526258732539918874036004864397033020565253060045363101756826471837424364967474841838217589634909282993800
10213552893650274011024516885579148298874575852910921733730745181035805278306020635896558848457479068654073148681035966274112144
207141112750741619055305840444068276688272707894844551786631983265949061049204275261134241730386504271139829225778659317141199361669785307108434067354175687496
2874663316429184846430831684371242098815022079680164576711247806305314690343452473069603343794748631080964425058792315826581196055450482934146
171343112530745608789451330351232733136915558933377688651386423065621816207446252053340931518110069325703750683699641699943047664191308
2874663316429184845155200205809959240817286010527116146505266495400951182819522391875844419324415507193498718942200036931401587380728514579857
171343849019844566942502604373658159207583647635490159510832805432075984531336772471389302854910630397195622029521933669988099630647883
608733481396236752065030103438505433554097311796925343536679318931314777031256995852505702186638913016131800746183969864
2874659682202334655030899797169444775541371187505347413658333079520079260630871677288927001288438102555136721402553589375839887158929117771896
3821092619982823059949114161472126439961925991553314161824728857410754530752944884302400203677123922591232051200753649388897993925905036152475364546444262367763237129287291601295
12347424681431678421569870697340887001633563504888122942044617480249472440728135439939967775702230934319841510079528945209829550386127723161348097871247
171343285821968840196897978906771491649767370396936962601621276435350155751296725357211626128491800140765863855525899519769588523485776
10212837610314760517864741483466784581654134485727091819267392933222967074559763487871743478685314818544677192260052380225668741
13575258316224665895489153459788575865693546408446814026381334506248218337039054881339667723701350979016552288385878106390219225318320700709216994224669044509281414
3821324492189747627140249527467272250561489050125311499102769105478181903420394465993121531327127881827234041587742661645652922664607729969394660362382527093697635428714299619979
13576075226985620714345136920794618377415923748483798806940824331452615439420072478555637277591240707129352547639731414178096182261121622924749350855060265714483844
155836322864917434064861045392668292318566276473295819294881666019420469538200664043349334920532725944656097094085215340411
188418276130498928029681264207437031691770663540929218524021135796597551505934674026126387354918835901066015340106542919721869041667380575743068536
3475263492857386178708604962547726213050245669800118614945122353636768844462004068789776602860309391046840731464210801742686320240810934892261024197448284860453977730
155845779348219992153976440922517350796234480490466020447143112788276558858439892803072114192976986265169912469597706931085
171354116564913680538238649947573836152191658805744206703505382496523495351115322026965578744236873814441462269748487138154603464050508
155846370377660043235673201659155224915067634016432889653913522883753619765611119306461031760913900391995141005465293900409
188406081800227095442286395988529798955859760420668922826822954117253901387250118479148991281765348435422281327792305786468503490894768563548539768
39896680904059305748503751810368576603372288118911795710306617733517834636811010987198945673772915578769783024573495846143118
39896499339461439921288055823389065440894027079436004671033940994971913367609569977263443264870404845470326107658893050542462
11229145061940880457011769092901180541889894248474867280368938971589270254236755033791179953450277929900004580577198497416258954228337707403
188418133228866754722756505760613896033498198979058435663585026485862530474062676107495181220493061829411525677145364321699861385584532113849338493
48235237215506503552782577747296815369325892017784228754392057931886970565900067711022189968330598526871183389783875521275938788582881793276270709628
11229914488959000613955682050702871756423429189677122777263128219188035391001002133453514320577533667748423869586893951296735381134263482495
43869526325751361685441488965906489924263660183489128918631140963795105104174885398589110285419160908182336013136648353259960917136721992
3475474379455332191377832545322469601357477879323752737887416642698503842417019565174046766197463392971719154884098865604199619452077912629845096025436034722053654148
3160727340629341338840737326135798772063860894323212666211642558533910136490884601878154281448778280745597479763529065956269061144825748380722907723893379
11229880418309691779207153959948805167196502132205018203095567285159840712255950685357188977323347100414146210977439197076808813983157618307
10212891837525722702029227991938068989200638590165389179696258554127638447730455084557077698394079654260495970689177460129107340
13575248018972732652201728270939002178142840801268997343994580496951260902795998978468568883116548541449460891477331847824752202833052928758456331225037498378521220
48231908163715113254700670619911754250759627689819536799812946323042592516210661523068685392697660082263315909719742808076754152114210965578725691774
13575199965338169590428007652800055549417585549267266900325051006341177882868773791374098945125623698426286118384818804094404586629010331563316564235312613074899073
14927045023766474644379945009666070073115456333996805508834622380297956047406295721252851778571776509802734196077804271000208006191655920901314030844271500180034828276207404944
39896569947709844468782433408369616694710980320481240180577850637387494793952480867983244285410797988568388326900425598926201
39899121936376411901235703286086008400035126203041516655565090440686906000405176798306493394188974245969083379153053883583613
11229156418883439660534565046505892121014560986447434005729223874299103773854471471831420062425846906243749099622636374297761163791286374785
155836283464120737100370375432403988866973992346118967238732102747884854312765749167932013883102550714550139265687539436165
39896529600199192608603980143684769797748559575162674486881114739380683500113505225690869847985364838061155066821916188376201
608773191237670531894422350111586002047172188972819653078081544896352166093791550399684915894730083118893553415744866895
2874661862718464218223962631066728248313756551814526574231391621615723849501661464329960714726635826014768059103043331769628322418792697136014
2614656319644889222254825284057280185072264524023818379953595278428862747927963777083332770772297166592110196946643222248331841154
3475701082520009661053753483072298408715846271334437960359449900114694961069821086823223938910653640201196899295936644209676124752140075627580428595090755099908078971
48231981329510690539770049963025347383652741417253747379742430631958981215217750145553266012374687264675767673875774122032442265096986390721590692987
13576075227094460948935934712607805148276255883413379374820977870334609003247526481534831975408499735320426492306632993725369560599987248253886246511811634787813258
608811361931164115183477141900479402517239903651623776375887565286574645639350625952391081055127008989919486040786030413
12348161413993912652066519603407597676770021596006503887556254234398599264923277128095344974244147246058498738319601673055691752748251236189283063599485
3475488438533705528996345790235015216582901790324034319820450567289950297285969794384013895866936034071473790477191318230301527723496459879777743092343932769105776519
48228981523710723868272703592780357164172257878041185409711312373943840311372604436621694617372929131080311276660478492827100596415538657001156086904
188406796310997200104655908593163209212274663641343805082762604702254472066265834063830169377489556642310736887939607865137398717725154296285972607
43869548507607350842617112331398901454506291199872447726142745574142814538410359572557229428346197730906730420189503418698451917724404810
188406605776775692085470568359536547495790737422128843388143988748543892678926913499025294467706587012487441935257089530709681892944933819326877058
3475491953296437836746137141506877206858780381187009701714878965250289138659696348972270535337926228115516169186266358200181375795510855740246888368555475273052097420
13575203397739454704859118914992799760027263174207425957147801679070015828620238254349181610459637522262006065249954289823253500128240539933549020051279317776237944
12347387220356783558712693487413560422717603713816895249268234981789010756777613121425635061994673796741248896618095640489716242308242808743629798871169
155836244060883904391117831808602447595019793089504081183976605732319631331657973711112507256717847466885797118081189563791
3475252948474339489373407008870121791171240845617908351153883120810234729248395131052140874633300006972185497233370836566320017789485536529670115316329333028091169421
39896690990511149756166600323852811630129988060787597782279476241304360485267288253114688555829180634453313943113703382025616
3160929530087368110837347713494056713805454265263328435944668939359668217873131883217922296887954319375661886876472652350879454657753200927790238075292799
735914181132991184413374300541772405034799403890768538130244359678873529787963753078811546125762461296373030011430246091146160086394018888044365
48228969330126185705330661955080875830178688529205774879911724774428956050942040870095655195922078921099152496115742996460234987123333830303835388030
207141898367681062895583618113584913286696765225423840530387603806797387873665573188976374411689666723074889579582599338365821647302451834219632488110038600776
43863903352456514181634412204913604161732430981056823339868836850037356610720788461792614780107350882197625219515269548367508391881952130
10213503830865035320311876457469213612595506607725470973064531642357024510413498649161769512081917290561364988230457769655437967
11229153579758180339867983080444280493110182175655629975979782853738708825271541000194807246421646929087486833495643575409550280347844837754
171354073241283489353002124836312521865208164466971613018897174071918516599962959835125737881513010088190285306910111911394826793996363
188405891264512161108020765919077432362100785406915391514370630072033109808144406399992584196319988459015722202164214282765911418439957236545048462
12347384098558180220810569432905541994844898420965158494774929110477886839527088389351340809117107135670832723788458806859638084202219288604835722987142
2874663316406266997204403845666080658352635024691871646977094714260925081522898510020368543290008229333745933506426822490566578975857438854791
608811823668736317588604127521600236598884031604241898088366819912106174071063639763987660640760501412362629407082235981
53034989662462147491596041867085479269863284718340495855264327185995376708203562933220084320007362673253367128788814064826167069049694792252952496648523458038860
3475265250231812743679984493513893276877624387699614436260384309196488761048824555590120448363793969334007282568888408780713868872321141123495641044137959198862967678
155845661143392114096680955682610714799990174223104844782586015915649353242943006539459096646808013219544061557155767537804
735915669710199575549506898257443108742316208565840333889786416939695731383294246066515993467685723283995373017943458783812278096867468918935373
3475702839907529788431743548831151993046647313226577952479609074618589470760387437007653374896416090999043789557439833896348980151040839584900325869781274687878037884
39894088566814908715576937004441855001292738797350873181782520353473460694597017796394087027180764986872401647832995383968638
809196732181095579306516920233997409685207357415477416525093238615079833837995674061542864023472904442449262032593049907934584885134494032395020453674455162
43866842381827235484678189712507506378894875936344518866880623867499688043286687249116963986504418972796145276515420564737755414383906957
11229920167472841640669769324374301184557875655924952343564997950180453271905572097329516525873697275393265032624954625793846780095999412620
608733173572778776026527240561592254556107978614791484105061934401673291630883644421964668122846466400719490601637006667
39896690990821382855707861690479344731103997445854374399946506007375490600892769695929377650739168382210152297972135302560381
53034949438436584426824926250829994499528295572791305476074979113624002082090266317196788148805453467036441888080169230278051586836303592208026869888118308883329
735915669712994426760495188485185266123289778923065847299919978698956551382143230359647991536476731744135826043301078133684317024436553987411020
155855826860960252853597689098618742888228691333049938577341379317083115847523499133715843585028250064216880901342500704379
735916041845936896849857639835573612871562544920487516542109444295428909874716648390947166080325650703186003184847500746666522030210597042276430
10214172633504809731284643215708872233224299621967395792419773578352566776240197280767011692784469351287342332097722952683846782
53028312574330409685490385983329519270647565394577501242116651040159137437798778045010657479867177490796383265007052722197225604431916787251703714685820213348936
11229914488959000609013094394629602408937530300241475555070804359630475173693815263015339002611983745683122935706891563633123190781135326347
10214167469083087997124056223342333116569308244311082736161194182469627564275058068582798425292504835019010493689157565644047752
11229914488959000613955682048297973361491799673185232352182719396721464266843305686413141816623705831912993484057410500728777134427542685318
2874664043267129328693997465671532506519519908476375888915727197784154220334584551536840203583148688432561648065993429574046935163252828371089
53031610894265225415146587548102192437061136165141843815233046405358796474658713588113527997779467669778193921916944946766223984999592454237548913127678357884293
188393935104730791908819315940291964480509726893678220994988927638110144217331577439590042802029194084017848879050835921526435924799961026211301776
48228859580594774690619520997308095605461373245946982411290868778164106234578582658979004996223681709290372057005994786723017978935279636112246000007
39894098654025501063439371291808820367068449508205497701200240289573993406850662642920921265842748514883989299644737442841987
207154415810212691805078942350652313855230887948111713071796838939998340705069348420857816694924252823553142509404561537992912449723936235993917060826610093390
171365250564665802028666570904720758105965969846043588496641463443734783853126191881876144575278311050183324376820249891294712211065679
3475250312432209047214112375698315038084278817556885095381806454957605206774207855436315385354326592456522629674440148945547626582158200637472710336886820449370541693
11229147901155154932824281251860669479338667435932896287614160958224434839272878159163499778410855139699238522076645147158970966495644514951
171343719053586549942201922049034517185763859304153968800670611349602123577055391855146556195642805464419223443733464032802834196811853
53034962846452297965077757338649459290385490567400233687589298678570731964541071588267225237645199728217061855134224991818798880670331922914274590258149923966584
11230593061181429851877202977356692301348148729970734097683797098491413976207281637357788495928626193688655778199751135540657026988627362682
889664079979414234771284578764350979826982147698634577796331973610116212840686204412797047782767221198833475641134735202113218900084451802068641025115339253591614980219
39899111850080886878564941854853289683719331059577081607627517157299579095929538763910198678670485236685687445312452474521474
53028084640982639089702240730477158969508645878819071587282996095085865941915259995885435358515836737042603179559747785151073171886316934665680242906832187574607
53028191903239893358220181852551982082352087745079737641345314603104572672262264521494826339298376577677457146138345759444603902411669502145148832947354538363258
13576068362294345781528434963230680795923516993363701497021228867486448235615224966482688092473934335708179567839203521411696502720069320868288706492547970852945538
43863803536003776737748609998291416573610779213278876284628105494975087153178840050290033303451060319698192930449680565579000909033656208
608733019663196502504600564624043769644925695827864142102280975056011230641746669402026408904346540831150461030025089103
2874661135912535405728269410342913866260099923590968740557558312285268979119732049536877674127752049754062380158683691786160394171925482276750
13576971082976133023235634459170515378532472120007616372251474460417603087464373997321964061491416633584399600774251279367137763790282478595168287625452695484993161
12346581809180376872385838449120223330389423592432278235342342473140760032151615872022648601313548728807572852481637799594542815174832040161207232073351
11229187650277351044781141588437318820251660193321857849633317325391809087454835962689366361545038225125217648215182945169636495674969850769
39893917089428236453879198589244836365242483607179906459389153360637752402078531209650503656290466685749240433988017274390911
207182121791483377684618944884356130993297847441072193900654818405625998866950647627748659449135018121643011679902594996620936354649873156357970593006775454795
53038422060885436461825704908116891465677317843805561125459475049396411422667502844755495410002439285826842444709374356247420922852743792810138086941774163364476
155855787457143330056687958006092402878408399825134920946615879477087047153195082538514453757153648193083951667406239648138
155846291572449893729220162697808000628582133975386306754836436886136676939172657040581493213374462273293040894525005385102
12347427803085518747292882962579449049687906594393618711818401763629354717044721347939263633485463975759958739788900005348486651394893010801936873572993
48228871775290649229824154551931966682955767875338566796124397654460090689119628997945520773009325241395783136722191174410575504311153430692897769549
155846449182879586911897412667228765183536810508066039443929963770013049550221843253678544641089269587803675251359578213753
39896690990511149756238272742998936243118098872397204166703111263451614768122752424504323685475777915675642480640784180153722
12346628635360067158761808676534830641388834932003003004964132082588621582519223443505511367883890806392559086080167413321719863773318694308846133872514
188406796312448038339311117486248187478134612506979400333071114110441270782833638926447436362128501845959487550456217777624024194946733695589960581
207168661609288099958677702783832750504245494053424570346661451458449823659063696412283138590528979055393528819651689991944892926837005487048919984203359012940
735916041843108773591302019756517516195819443976997049814128407673830289404709413942735229476232360054102818235332616312984549150941193001848144
207154468183625789432688491891966900495347656092732704769067788134335353390315602828311363012887786549697780993191932077238231637877429233491889030466745813583
171365207242404203281740474929147640704602692602585535544281728767204693970461931142607307538835239013501340860432216356971027763317327
3475480530299894621761584768874120804158919824431844974557107725172565944891729822631150452082117875178830976114190740259174265465188101770941880013232122317758237562
171354376501372810177173153620082725125504138800237668237679840472297140076504181661123587117765920034189524622503129177730205748776010
171343372468519103692981290399407264329656581614706264965037744393652732468624809260531006049719235166721723635672486684637278910697034
171376991088596470113619350598422115667904299680354149426615390111784657030918575811229568099916611366716013126856510170844381883878733
2874846479776140106708876228475607072856836780986407530415932727026238032106300232036954153386097230986018759708445372820374846214090830940547
155845976357043823275782531857380075306978607232898376803542708807542659987753061329332300364251088580044500638084046540422
10212881508602090001433768007766630736948278616364697022991039766152991841962042830657525790762062198079879761398109021340597383
608735944026211024224273746476468549456498184272824557686053471115871118780564676551251022470906142606305794062233324365
12348180144488377747197921660319611604092346877719977421553674174961834207934672447247727751979994595085169789773620473985016803488267559097829854642833
13576088956689372039414544140525958313571120792203489753674722302852866942425475131753400255933194368099867237950546889704650915290888143899429817000999215619079567
2614660285970654450949793240905068964032572967841876704085681863655208656835941627957345731966442422510667596596596440640057867896
188406653409416132434672198897330277458143763437498313031073028152548786884840479018388452469005304363393647523154211422066885302870457381965809543
188418085593310441707641668610497577592059069118336830654289620856144586382628027096335440899777002658098809187357480043830095906032132163596472184
10213514159785589741466741468269986884553138115902697026022733520685985252790436749379462765135472463840353130828601164459970181
48235078689593796288888106796146000225866160333846960614321150591085546375920981390640989368580914983580113290900505066192970354390963698361867206787
13576947056341240725319070575941209979438522320603208703573364668603240942074944435250754519403831913065573697550192569537805276274182886835245636730673553711403142
155835771236833033154026950263773198834558555230350333842339716828869083485226818260913384367351070450349452992394996762489
3475490195908027346276805567571572096962110363164568972416301482415273532298263549544992744193590576691539202234384054441918131077963382401960122552931792835388737668
3160726541521779060702796779548556139110387355179459834778893940243266562467645282524516927606984755837200079530990408254718463276677361068175114783198845
155855905662563040881938219659445812509737044718378501042377690382513061307550181490170124899679334007338636719495903595152
11232058095352580837683898706994253470853585404468878480755640503815772846896096826134186510778332565212446894423506210886794732125280833159
171354116562953752841522601199744967843350694319541363124299253812145705857815088128916714338665081519446552549309261575583822645055567
13576082091944699922391895947249849712750813318706812611976519746499304256114185910264650613027618512812180138429532580283233019425172832567672853100665080812240253
10213498666404681152663569783075752218105284734621077015149936228292712491498219082051764713559935361197548347312878704046539134
48231993524020494387649717800690350021751200912336301660571309118221309571233899480040959495666540958330624225012003644632738550944402451650742996304
188406129435780569197096097485811213142860271862417987117626240047963966978939592390885012492823547741603044131201679517812774604363080829793488257
53031758380766215510548510437558361610756467987212552793467447952262152449231184448256265409688725577308580508191188917320503113010704855603377451344580418620030
12347415316091689627634372592559083572218802612511551273372202619772509981226940285183331406743403494586265627211369111620587666924308764994962629627262
53031584078637378015423906793130504405877393364852780837219539600900275527109217970915901724544925723186736685114034800149040103415744395726924058515220076578703
43869504144720370367504994549945408981527580560821205849102694643694760932023002086630668771712325632923777096544402446916118292502235260
13575193100592065361856074101325511213270887336393351184577357696526085065155524196757079312470709774162394293141715211514322235592032415956192485564060798911416977
736058758091514340679846252893349447293035935804840407159951039667748519051748196272048278504785469290317192377838908093008144101354842979323207
735916041840225196938863901463498968941444785026208935974747522388171019844384990815072186305647381319440043669883569235091876985444864834947400
188406605773848462822228035192882067050059553648313687300366156706088904368325338947529925130874032817060820414054146991524208009248692463660124814
39896539686970288110080276853942908762812501276417583734796110731233985005630591965043203180452075173872963414471098086425213
736008332925249669619852522850365000864531982618377769217878193134092515895717187094805420741320250165357497095726500698653390787657594953288525
171354333179103464680304957231968244891366310318993737906101854281947542652344288926244751388710830917031307337453773047025863299581771
2875035457833799516647020363190542649240265975370305667860437762829698881102094553665243073117942950706356338604382789566453710360942663924095
53028084640763667135047850045851127714945265646831900182029457956546679839230736294260635883820512499371709637560923333621449544386514110007214562610542730300239
10212891837525722702001705597889864553178129018358485695793002442955236798038027287888617449397609150233000719609577391621044878
10212842774974895172468464936029760491621888500230432002630527126101391465733978798499504125152708449276925881105161103143238021
3160724943150795721889929967635957802535202163348779625275025029918296069393773009537192313399689058914659532063998717484649241690524069840119740341517437
2874670584782462597429809798080654915239536808502534374885605094348579727401471105704830150762546183142808978041060647594177116426055624592512
3475475258135605887017238320403673176966510645924154964029995550474707966388944361863072825181185855611573494306271305768962072136689297558087095536812749123517123976
188406748675489153766899298668638687354911545611781689522889446959450536630469237932609255606055269519688037053302236858992889792714503195393346695
3475476136843009442319777805870728492076728650512745360669590242428193238860407346013139124297512607826189447965110728322532062857444538009432970941136114978762164369
13576130145266449587955043487852657972085235474862537876908114781617030542909205480371309452810390243003911654288135612165981213036496881103579693152812485974129797
39899071502422333173709277421604360931395820055905118376814262397810255120472011325101235043709147696700311842938742587098498
2874859562850866101157040647523244792052215218072668055210221121954491527463667842767901330037249193914580703302877891976177741271979791517068
207141426997847677635227914629803759457368812249772516494312021704022467477788501286366658545237784225541826780851779999342160522544570088733091721893496112975
608772267743618523370792999164872577588185002251725687819513585549742865923382531341739462059269829810681171563638376784
43864036439758324583878298988173162574677135959613932586243015380771314688228558427112489384218274758143620368400156472701498709085212813
735963303801489247877180544685116213887630953895953236635735764101344743371805683908526420895159907983902638261576718098883499227138975201119306
43869481963376699556826720066600560328964766007703160760453920310005446668876648269151119649860741447774364242858180714736413696622021006
10214203620658030433665276660816234307964703436627469003968683145187858897513722274459057172809864351275265214532514440189542787
2874845752948939719479441529416010585366584293864482269910249245169210635772855338013764069951817084464457017029665476555337892196515747498640
13576092389136893786890107269118470775145909621262923898580684087622054542482020474031496117091324593010385306530794450591031534437847993882212874400745767941591169
11229159258009714360697915164501570012246159550575970590039737660840964959669421118335192499581423353512094420267885334736924396946541398150
53031785196570678956349137701122510598990272124499438195103258871501435080250877955969123896959159300748537227322057429105907964758332122263959499164356526428030
11229181971894325061619019036730017817690911382979833569249875582550894348134228461360319026948232679854082045457968987878357114490483871623
2875030369940591412812372766296712330651638276466250118134374166530713185166376860797842557728800586667609456703425349171699388410042318950022
13576130145371198081395915386896907126608443557011319134216893021036262531035453412659596738974228227197198178755710498971128344014906916159498516868585234415779213
39896690990202720374239905389018657737424068783855359285581933667937779333434843693469761102063670485248110290588977848618379
3475488438506470919160502273375310801314539589079334110775480689165834674667790081840514107986163576551547748386805610732423565418518063951253222772629403683464711048
48231883774867039520229741591244229939674722146911091913330572575650533891925246187978436527343074073799618880437853869467284198637312553430977378444
13576967650577302954784640125135184851559971325447324186836756472087032777398390792161041946153549619326246359327252565443672819435585036983003967970588238545588600
2614824888917442960532703047730538805935302872717568732237884416414046715555330360909893730915271615834899518425331396365034557048
608735482283905039974729362000963861829423342333132804897206839858401861239180551702582347971230946477798732758916941646
155836322864924479692889339265441957489505126964386556550320769174694650177672036162166866702630495289054956860000986353804
39896660729772795833026343421858921218185729530863952585608527745208958271076892204796226171382365332767745464990365370972299
13576075227146221438081818750951766737442564291019512013352404777206437408237587183987274251991880333540776419994826831765291063700054523069208638842252430011812490
3475481408980430188618404699748746830124722634554885277654268002826436996096612760036817675632261463586277713118669166735367400612422218267857906839086531553824247418
735915669707216183117947410317823850963535592485112721064717588673054627296388402416057618068156928858415393820803493566748401450596551550192463
3475248555031438235388969735963528570353220063725414637480187788759548605373672377758005483864030961400115215383144252255650984996945278726215655276403035322613534074
43866698202825978202393889154001290867731731368209046161853843522031360305883738749015430618875118832508411607852709047545052207562378889
43866875654022879432943064738587684012381572635141458059100122799940513392528981352550966127159039841004853771606100714615204532919487109
11230587382580435201083396646940739171463256792400281768779519376709210301941583226217793931812847699074151862958507880717540053292265012610
2874858109184551511719864786731313226679444376511602263292248967417038125713125279370330931530158385291230787580034552753524950407645725034105
735913808994536646638266354261682647470817317513858115918349520057980795598346280952325053488706042798950695967964299572646946409931711531405390
608775192113715368677753101114763495718962440170553118731486513386511260768921798284238390608500881063128918227984010574
10212860850720963494379066065236171808613087869590095878529972423795393238577564350578828243988923601696884042866551678081464454
43866709293850486967614553514121998777497402270314578475104903107491405371827194075307047944948962727279205780559274859371337317534813575
978196990073594347998586481515351364506549344746219776366995755623756904399703282926739753067292974485606151580407299126079917704286908420411946942565278957382436812956013814452104
2874858836045327196592056609140179362923332850165787760194095946135380808704169492005287378679352806756281830775636721817585881905708429509002
3475480530300837358322215485742532431653597726761548938741080366196510919358849083773302571952834008901538911940816117099514894359236468908579950526279521720951273598
207141374624425214570314582089897184487722488834166250008371985045827224889909489941441291576165069029217604576740014678801997483197698558485659703547806896202
3475474379454703700427942760669774549543536402120618537778669343756991725755264423149492599203973197821906830147006092318738576393792970249551727485928833597152004487
2875033277306059397126658595108556792380454371752224929295919939304932042859725604170475966314326250198839374950876019366867266438694735610497
171343329144235603330915137350970400234136309889775465217818801874735880827284140724033868649976040542144174515144916682193396214221390
43866687112325025784904745915707766971099028339501070309894624016869716341020224439619612634319371021673538308883208017636624153228889217
10214208785158402259297320949603311665121486328088032763590285312642843540684685737625168231385854871324669674753038261821606284
3475255584583561342285418330520498568237680007305935242648334915241182067435924078484040971213558711910236049525861551686630957324755042867006196871069375921006410361
39896690990364450392849591365544725599563567910414245567120050338303540168781081054841231384697622682696656909279860844235654
10213501248691960360402938479524726071507834641892303218451237715257676081480941473951422410692472411329340857767849841663773062
809145994617185999786056603414880884775541299757017756524369325910646489847482702427889865771661739479636292585192097199357431611547210425561528659861801870
43866742565873595307985771036709684056265552081774319913241772911699310034870265161760660807393016374143033096856585536583963194654607232
10212881508683356639223005758324026335292796168724767992200743832085648885046209961671031765550679460555089824577716954891324560
2874857382357654385222731129639419235002484341930910074157106643001738605037310495073811807966076328835460361593244095223708497171517072836475
608732865739779845457882276604414289493354430839668916959918495450868360953883049550664365134699011007476659563038263623
39893957436630458932632660764481147718282480520371546674635025858172876869438470168868332074563557630764570033800810485877131
11230595900263366201108831930570242944730172609502715020460248572642992484886955722652759949700615315994264835642296139933345474901353269376
155845700542960523325096954476912876830960705555399119307920047464751874472021851942312166558784977683815209247469438978426
11230595900393165865285071319942408234969390977722458980282248614408402952001871127666542961094972903136370044542922641309355104317402222993
2874860289668188852590840865637056646535748415198876998575932118516155871906005026960029744803000861866866658467605556107442071371737216221576
188393601666787449164221125854637699617747223880784924702837040666999726880979724823835216701692660943685547068610521824246544506637979538724442248
188394506711835846083542422309097481429584070235615210807839295869954269563520084503184817541620749726473593237260492918273440501558248602486654795
53035003070068687179616091176362935792088667390203153832543450911356412687470325905871274801778052400962778089569334882478973810347405071241542432428486590154626
207141845991083781746279617697912787323192770746301054681749620571709178936356203004229490670580511321769875936637012909050811486988334942339847101371266910285
2874661862695719661524802387010786948053773083083251925481683929213633588463215034961583458195658655199495691230178055941603035215709442247042
48235054300187510424382372548946285045340947899186918625512816752592188574512664136751761313233343196776411132273684604169045352966648920604756839033
171343112532759763692666061895654222226921759503912328293197505065366570621337496007638541798439275434667885367747689762543412657604681
13576971082980020174558121908152832762147913856222436221461803808785055754263515852183512236144733849720134216267466621834321391183861894207471494005889847867966851
11229139383602869743601942021675586652257397573108753426806086216035960156787321308293971130016094067149937358325414057355756090733714115472
12347368489719974364831846527770625217172327873312021289940660163642294650423206136598536635030857020087064235946866458989746550581606767981322296987001
12347424681194252197146606051906540637034601097580595114021081777888924446649108349326633852455091293004192689539577360945001749590439521539437696549005
155856378489044653763031939633521526004883363915179808851762942694121898929539301788935523006526397850660162490345336555903
39893896915292033273231669094493179523444652606198444521610747061357719843976455525822520181226986156315486835878449528733065
39896509426529541493711779777468821924902471934493107116769037960836267399340844107904712693201261331970185106183011116352656
43869504144554445319338642151608480338967803878541957106698640580510227530665844799351852956759847125486556656609012096761567063512467842
608733943143093037420512535817154125773128912160095646183184138713551149479015130495446092671884682071616303302984682831
13576140442514495679968757999328535964795433836281450231799596846385411028581386604561816346097655330853495884293089328007001923633227208252639381303312345945702283
13575254883666462624791632126674538241331525375884346118013185236788650406562592162682352083709290481646208189153308174720095441719209094705980356636842462576347276
10213501248535891478851297794268406042289292191631125823537787580277088905884739796544381377442277270952073648993421311776882825
155845936956801382432498313766302371398322362156129082060603218516566656939480009505436031216824060625387563716627674320518
39896479165328242865578285115742763871509498881944479971420088384757583114310770015157883316775279087593625840308378420410756
171355026345153237946722828536034269405513134941144914435178763815832454366970911581084047212289805369906329121773733797845872550038088
12346619270305696901285873813822367038031623621729321246474706419299051971607463009345004810206716662478708490007536276260588257790307612646882712850814
3475473500748085757981599681949883148193945827687714863998113004821181638421183216469930501273151163924509192199840130968995010505486937206029959785325590990344327304
48231969135559825692535182553235163589005036381379537999123562175682348309449609779766790228685359611075704698877664632337225743220287636130448838527
735913436850104233675588917655833067371089012364693787484719868993499593472479878735032648421478759828046224662288651985080388111708841954870672
53038475692317747306158156754965152607372707257430849921821571004680173129696915608569379264848556549029409624746183654346415283479215538635331006828348221311359
-73053074234565697859245338986459349650808653808604831919207949144190416182278106547500004507817063476751460274607367669659318
-18701587004048818651966806780533660554677905856664118239483936695836340321789042806607085728163578019348572234914176391859123894
-60428086694229857295567931518685147792864506882071925769157304571700699238896895148051954233872201398
